<!DOCTYPE html>
<html xmlns="http://www.w3.org/1999/xhtml" lang="en" xml:lang="en"><head>

<meta charset="utf-8">
<meta name="generator" content="quarto-1.7.31">

<meta name="viewport" content="width=device-width, initial-scale=1.0, user-scalable=yes">

<meta name="dcterms.date" content="2026-03-12">

<title>Ohio Respiratory Data: GEE Analysis – MAST90084 - Statistical Modelling Scripts</title>
<style>
code{white-space: pre-wrap;}
span.smallcaps{font-variant: small-caps;}
div.columns{display: flex; gap: min(4vw, 1.5em);}
div.column{flex: auto; overflow-x: auto;}
div.hanging-indent{margin-left: 1.5em; text-indent: -1.5em;}
ul.task-list{list-style: none;}
ul.task-list li input[type="checkbox"] {
  width: 0.8em;
  margin: 0 0.8em 0.2em -1em; /* quarto-specific, see https://github.com/quarto-dev/quarto-cli/issues/4556 */ 
  vertical-align: middle;
}
/* CSS for syntax highlighting */
html { -webkit-text-size-adjust: 100%; }
pre > code.sourceCode { white-space: pre; position: relative; }
pre > code.sourceCode > span { display: inline-block; line-height: 1.25; }
pre > code.sourceCode > span:empty { height: 1.2em; }
.sourceCode { overflow: visible; }
code.sourceCode > span { color: inherit; text-decoration: inherit; }
div.sourceCode { margin: 1em 0; }
pre.sourceCode { margin: 0; }
@media screen {
div.sourceCode { overflow: auto; }
}
@media print {
pre > code.sourceCode { white-space: pre-wrap; }
pre > code.sourceCode > span { text-indent: -5em; padding-left: 5em; }
}
pre.numberSource code
  { counter-reset: source-line 0; }
pre.numberSource code > span
  { position: relative; left: -4em; counter-increment: source-line; }
pre.numberSource code > span > a:first-child::before
  { content: counter(source-line);
    position: relative; left: -1em; text-align: right; vertical-align: baseline;
    border: none; display: inline-block;
    -webkit-touch-callout: none; -webkit-user-select: none;
    -khtml-user-select: none; -moz-user-select: none;
    -ms-user-select: none; user-select: none;
    padding: 0 4px; width: 4em;
  }
pre.numberSource { margin-left: 3em;  padding-left: 4px; }
div.sourceCode
  {   }
@media screen {
pre > code.sourceCode > span > a:first-child::before { text-decoration: underline; }
}
</style>


<script src="../site_libs/quarto-nav/quarto-nav.js"></script>
<script src="../site_libs/quarto-nav/headroom.min.js"></script>
<script src="../site_libs/clipboard/clipboard.min.js"></script>
<script src="../site_libs/quarto-search/autocomplete.umd.js"></script>
<script src="../site_libs/quarto-search/fuse.min.js"></script>
<script src="../site_libs/quarto-search/quarto-search.js"></script>
<meta name="quarto:offset" content="../">
<script src="../site_libs/quarto-html/quarto.js" type="module"></script>
<script src="../site_libs/quarto-html/tabsets/tabsets.js" type="module"></script>
<script src="../site_libs/quarto-html/popper.min.js"></script>
<script src="../site_libs/quarto-html/tippy.umd.min.js"></script>
<script src="../site_libs/quarto-html/anchor.min.js"></script>
<link href="../site_libs/quarto-html/tippy.css" rel="stylesheet">
<link href="../site_libs/quarto-html/quarto-syntax-highlighting-fced259a1985fd972ecb57c7cd45153f.css" rel="stylesheet" id="quarto-text-highlighting-styles">
<script src="../site_libs/bootstrap/bootstrap.min.js"></script>
<link href="../site_libs/bootstrap/bootstrap-icons.css" rel="stylesheet">
<link href="../site_libs/bootstrap/bootstrap-449bc4893ad0110d90ad3b5e1881b435.min.css" rel="stylesheet" append-hash="true" id="quarto-bootstrap" data-mode="light">
<script id="quarto-search-options" type="application/json">{
  "location": "navbar",
  "copy-button": false,
  "collapse-after": 3,
  "panel-placement": "end",
  "type": "overlay",
  "limit": 50,
  "keyboard-shortcut": [
    "f",
    "/",
    "s"
  ],
  "show-item-context": false,
  "language": {
    "search-no-results-text": "No results",
    "search-matching-documents-text": "matching documents",
    "search-copy-link-title": "Copy link to search",
    "search-hide-matches-text": "Hide additional matches",
    "search-more-match-text": "more match in this document",
    "search-more-matches-text": "more matches in this document",
    "search-clear-button-title": "Clear",
    "search-text-placeholder": "",
    "search-detached-cancel-button-title": "Cancel",
    "search-submit-button-title": "Submit",
    "search-label": "Search"
  }
}</script>


</head>

<body class="nav-fixed quarto-light">

<div id="quarto-search-results"></div>
  <header id="quarto-header" class="headroom fixed-top">
    <nav class="navbar navbar-expand-lg " data-bs-theme="dark">
      <div class="navbar-container container-fluid">
      <div class="navbar-brand-container mx-auto">
    <a class="navbar-brand" href="../index.html">
    <span class="navbar-title">MAST90084 - Statistical Modelling Scripts</span>
    </a>
  </div>
            <div id="quarto-search" class="" title="Search"></div>
          <button class="navbar-toggler" type="button" data-bs-toggle="collapse" data-bs-target="#navbarCollapse" aria-controls="navbarCollapse" role="menu" aria-expanded="false" aria-label="Toggle navigation" onclick="if (window.quartoToggleHeadroom) { window.quartoToggleHeadroom(); }">
  <span class="navbar-toggler-icon"></span>
</button>
          <div class="collapse navbar-collapse" id="navbarCollapse">
            <ul class="navbar-nav navbar-nav-scroll me-auto">
  <li class="nav-item">
    <a class="nav-link" href="../default.html"> 
<span class="menu-text">Home</span></a>
  </li>  
  <li class="nav-item dropdown ">
    <a class="nav-link dropdown-toggle" href="#" id="nav-menu-scripts" role="link" data-bs-toggle="dropdown" aria-expanded="false">
 <span class="menu-text">Scripts</span>
    </a>
    <ul class="dropdown-menu" aria-labelledby="nav-menu-scripts">    
        <li>
    <a class="dropdown-item" href="../quarto_scripts/01-ANODEV.html">
 <span class="dropdown-text">Binomial GLMS: Caesarian Birth</span></a>
  </li>  
        <li>
    <a class="dropdown-item" href="../quarto_scripts/02-CellDiff.html">
 <span class="dropdown-text">(Quasi-)Poisson GLM: Cell Differentiation</span></a>
  </li>  
        <li>
    <a class="dropdown-item" href="../quarto_scripts/03-Example3-1and3-11Caes.html">
 <span class="dropdown-text">Multinomial Logistic Regression: Caesarian Birth</span></a>
  </li>  
        <li>
    <a class="dropdown-item" href="../quarto_scripts/04-Example3-2BTR.html">
 <span class="dropdown-text">Ordinal Regression: Breathing Test Results</span></a>
  </li>  
        <li>
    <a class="dropdown-item" href="../quarto_scripts/05-tonsil.html">
 <span class="dropdown-text">Sequential Regression: Tonsil Size</span></a>
  </li>  
        <li class="dropdown-header">APPENDICES</li>
        <li>
    <a class="dropdown-item" href="../quarto_scripts/A1-dispersion-working-residuals.html">
 <span class="dropdown-text">Appendix 1: Dispersion with Working Residuals</span></a>
  </li>  
        <li>
    <a class="dropdown-item" href="../quarto_scripts/A2-likelihood-multinomial.html">
 <span class="dropdown-text">Appendix 2: Likelihood for Grouped and Ungrouped Multinomial Data</span></a>
  </li>  
    </ul>
  </li>
</ul>
          </div> <!-- /navcollapse -->
            <div class="quarto-navbar-tools">
</div>
      </div> <!-- /container-fluid -->
    </nav>
</header>
<!-- content -->
<div id="quarto-content" class="quarto-container page-columns page-rows-contents page-layout-article page-navbar">
<!-- sidebar -->
<!-- margin-sidebar -->
    <div id="quarto-margin-sidebar" class="sidebar margin-sidebar">
        <nav id="TOC" role="doc-toc" class="toc-active">
    <h2 id="toc-title">On this page</h2>
   
  <ul>
  <li><a href="#overview" id="toc-overview" class="nav-link active" data-scroll-target="#overview">Overview</a></li>
  <li><a href="#packages-and-setup" id="toc-packages-and-setup" class="nav-link" data-scroll-target="#packages-and-setup">Packages and Setup</a></li>
  <li><a href="#understanding-the-data" id="toc-understanding-the-data" class="nav-link" data-scroll-target="#understanding-the-data">Understanding the Data</a></li>
  <li><a href="#contrast-coding" id="toc-contrast-coding" class="nav-link" data-scroll-target="#contrast-coding">Contrast Coding</a></li>
  <li><a href="#gee-models" id="toc-gee-models" class="nav-link" data-scroll-target="#gee-models">GEE Models</a>
  <ul class="collapse">
  <li><a href="#independence-structure" id="toc-independence-structure" class="nav-link" data-scroll-target="#independence-structure">Independence Structure</a></li>
  <li><a href="#exchangeable-structure" id="toc-exchangeable-structure" class="nav-link" data-scroll-target="#exchangeable-structure">Exchangeable Structure</a></li>
  <li><a href="#unstructured-correlation" id="toc-unstructured-correlation" class="nav-link" data-scroll-target="#unstructured-correlation">Unstructured Correlation</a></li>
  </ul></li>
  <li><a href="#robust-variance-matrices" id="toc-robust-variance-matrices" class="nav-link" data-scroll-target="#robust-variance-matrices">Robust Variance Matrices</a></li>
  <li><a href="#scale-parameter" id="toc-scale-parameter" class="nav-link" data-scroll-target="#scale-parameter">Scale Parameter</a>
  <ul class="collapse">
  <li><a href="#verifying-naive-vs-robust-standard-errors" id="toc-verifying-naive-vs-robust-standard-errors" class="nav-link" data-scroll-target="#verifying-naive-vs-robust-standard-errors">Verifying Naive vs Robust Standard Errors</a></li>
  </ul></li>
  <li><a href="#beta-estimate-for-age-10" id="toc-beta-estimate-for-age-10" class="nav-link" data-scroll-target="#beta-estimate-for-age-10">Beta Estimate for Age = 10</a>
  <ul class="collapse">
  <li><a href="#standard-error-for-combined-effect" id="toc-standard-error-for-combined-effect" class="nav-link" data-scroll-target="#standard-error-for-combined-effect">Standard Error for Combined Effect</a></li>
  </ul></li>
  <li><a href="#table-6.9-main-effects-models" id="toc-table-6.9-main-effects-models" class="nav-link" data-scroll-target="#table-6.9-main-effects-models">Table 6.9: Main Effects Models</a></li>
  <li><a href="#gee-with-unstructured-correlation" id="toc-gee-with-unstructured-correlation" class="nav-link" data-scroll-target="#gee-with-unstructured-correlation">GEE with Unstructured Correlation</a></li>
  <li><a href="#comparing-coefficient-estimates" id="toc-comparing-coefficient-estimates" class="nav-link" data-scroll-target="#comparing-coefficient-estimates">Comparing Coefficient Estimates</a></li>
  <li><a href="#robust-variance-matrices-1" id="toc-robust-variance-matrices-1" class="nav-link" data-scroll-target="#robust-variance-matrices-1">Robust Variance Matrices</a></li>
  <li><a href="#scale-parameter-estimation" id="toc-scale-parameter-estimation" class="nav-link" data-scroll-target="#scale-parameter-estimation">Scale Parameter Estimation</a></li>
  <li><a href="#naive-vs-robust-standard-errors" id="toc-naive-vs-robust-standard-errors" class="nav-link" data-scroll-target="#naive-vs-robust-standard-errors">Naive vs Robust Standard Errors</a></li>
  <li><a href="#computing-beta-for-age-10" id="toc-computing-beta-for-age-10" class="nav-link" data-scroll-target="#computing-beta-for-age-10">Computing Beta for Age 10</a></li>
  <li><a href="#robust-standard-error-for-age-10" id="toc-robust-standard-error-for-age-10" class="nav-link" data-scroll-target="#robust-standard-error-for-age-10">Robust Standard Error for Age 10</a></li>
  <li><a href="#table-6.9-models-without-interactions" id="toc-table-6.9-models-without-interactions" class="nav-link" data-scroll-target="#table-6.9-models-without-interactions">Table 6.9: Models Without Interactions</a></li>
  <li><a href="#robust-variances-for-main-effects-models" id="toc-robust-variances-for-main-effects-models" class="nav-link" data-scroll-target="#robust-variances-for-main-effects-models">Robust Variances for Main Effects Models</a></li>
  <li><a href="#references" id="toc-references" class="nav-link" data-scroll-target="#references">References</a></li>
  </ul>
<div class="toc-actions"><ul><li><a href="https://github.com/jaycrick/MAST90084-Statistical-Modelling-Scripts/edit/main/quarto_scripts/07-ohio.qmd" class="toc-action"><i class="bi bi-github"></i>Edit this page</a></li><li><a href="https://github.com/jaycrick/MAST90084-Statistical-Modelling-Scripts/issues/new" class="toc-action"><i class="bi empty"></i>Report an issue</a></li></ul></div></nav>
    </div>
<!-- main -->
<main class="content" id="quarto-document-content">

<header id="title-block-header" class="quarto-title-block default">
<div class="quarto-title">
<h1 class="title">Ohio Respiratory Data: GEE Analysis</h1>
<p class="subtitle lead">Generalized Estimating Equations with Repeated Measures</p>
</div>



<div class="quarto-title-meta">

    
    <div>
    <div class="quarto-title-meta-heading">Published</div>
    <div class="quarto-title-meta-contents">
      <p class="date">March 12, 2026</p>
    </div>
  </div>
  
    
  </div>
  


</header>


<section id="overview" class="level2">
<h2 class="anchored" data-anchor-id="overview">Overview</h2>
<p>This script aims to reproduce the results in Example 6.4 of Fahrmeir &amp; Tutz using the Ohio respiratory dataset.</p>
</section>
<section id="packages-and-setup" class="level2">
<h2 class="anchored" data-anchor-id="packages-and-setup">Packages and Setup</h2>
<div class="cell">
<details open="" class="code-fold">
<summary>Code</summary>
<div class="sourceCode cell-code" id="cb1"><pre class="sourceCode r code-with-copy"><code class="sourceCode r"><span id="cb1-1"><a href="#cb1-1" aria-hidden="true" tabindex="-1"></a><span class="fu">library</span>(conflicted)</span>
<span id="cb1-2"><a href="#cb1-2" aria-hidden="true" tabindex="-1"></a><span class="fu">library</span>(gee)</span>
<span id="cb1-3"><a href="#cb1-3" aria-hidden="true" tabindex="-1"></a><span class="fu">library</span>(geepack)</span></code><button title="Copy to Clipboard" class="code-copy-button"><i class="bi"></i></button></pre></div>
</details>
</div>
<p>We aim to reproduce the results in Example 6.4 of F &amp; T.</p>
<div class="cell">
<details open="" class="code-fold">
<summary>Code</summary>
<div class="sourceCode cell-code" id="cb2"><pre class="sourceCode r code-with-copy"><code class="sourceCode r"><span id="cb2-1"><a href="#cb2-1" aria-hidden="true" tabindex="-1"></a>?ohio</span></code><button title="Copy to Clipboard" class="code-copy-button"><i class="bi"></i></button></pre></div>
</details>
</div>
<div class="cell">
<details open="" class="code-fold">
<summary>Code</summary>
<div class="sourceCode cell-code" id="cb3"><pre class="sourceCode r code-with-copy"><code class="sourceCode r"><span id="cb3-1"><a href="#cb3-1" aria-hidden="true" tabindex="-1"></a><span class="fu">head</span>(ohio, <span class="dv">20</span>)</span></code><button title="Copy to Clipboard" class="code-copy-button"><i class="bi"></i></button></pre></div>
</details>
<div class="cell-output cell-output-stdout">
<pre><code>   resp id age smoke
1     0  0  -2     0
2     0  0  -1     0
3     0  0   0     0
4     0  0   1     0
5     0  1  -2     0
6     0  1  -1     0
7     0  1   0     0
8     0  1   1     0
9     0  2  -2     0
10    0  2  -1     0
11    0  2   0     0
12    0  2   1     0
13    0  3  -2     0
14    0  3  -1     0
15    0  3   0     0
16    0  3   1     0
17    0  4  -2     0
18    0  4  -1     0
19    0  4   0     0
20    0  4   1     0</code></pre>
</div>
</div>
</section>
<section id="understanding-the-data" class="level2">
<h2 class="anchored" data-anchor-id="understanding-the-data">Understanding the Data</h2>
<div class="cell">
<details open="" class="code-fold">
<summary>Code</summary>
<div class="sourceCode cell-code" id="cb5"><pre class="sourceCode r code-with-copy"><code class="sourceCode r"><span id="cb5-1"><a href="#cb5-1" aria-hidden="true" tabindex="-1"></a><span class="fu">str</span>(ohio)</span></code><button title="Copy to Clipboard" class="code-copy-button"><i class="bi"></i></button></pre></div>
</details>
<div class="cell-output cell-output-stdout">
<pre><code>'data.frame':   2148 obs. of  4 variables:
 $ resp : int  0 0 0 0 0 0 0 0 0 0 ...
 $ id   : int  0 0 0 0 1 1 1 1 2 2 ...
 $ age  : int  -2 -1 0 1 -2 -1 0 1 -2 -1 ...
 $ smoke: int  0 0 0 0 0 0 0 0 0 0 ...</code></pre>
</div>
</div>
<p>First set the right classes for the variables in the dataset:</p>
<div class="cell">
<details open="" class="code-fold">
<summary>Code</summary>
<div class="sourceCode cell-code" id="cb7"><pre class="sourceCode r code-with-copy"><code class="sourceCode r"><span id="cb7-1"><a href="#cb7-1" aria-hidden="true" tabindex="-1"></a><span class="fu">class</span>(ohio<span class="sc">$</span>resp)</span></code><button title="Copy to Clipboard" class="code-copy-button"><i class="bi"></i></button></pre></div>
</details>
<div class="cell-output cell-output-stdout">
<pre><code>[1] "integer"</code></pre>
</div>
<details open="" class="code-fold">
<summary>Code</summary>
<div class="sourceCode cell-code" id="cb9"><pre class="sourceCode r code-with-copy"><code class="sourceCode r"><span id="cb9-1"><a href="#cb9-1" aria-hidden="true" tabindex="-1"></a><span class="fu">class</span>(ohio<span class="sc">$</span>age)</span></code><button title="Copy to Clipboard" class="code-copy-button"><i class="bi"></i></button></pre></div>
</details>
<div class="cell-output cell-output-stdout">
<pre><code>[1] "integer"</code></pre>
</div>
<details open="" class="code-fold">
<summary>Code</summary>
<div class="sourceCode cell-code" id="cb11"><pre class="sourceCode r code-with-copy"><code class="sourceCode r"><span id="cb11-1"><a href="#cb11-1" aria-hidden="true" tabindex="-1"></a><span class="fu">class</span>(ohio<span class="sc">$</span>smoke)</span></code><button title="Copy to Clipboard" class="code-copy-button"><i class="bi"></i></button></pre></div>
</details>
<div class="cell-output cell-output-stdout">
<pre><code>[1] "integer"</code></pre>
</div>
<details open="" class="code-fold">
<summary>Code</summary>
<div class="sourceCode cell-code" id="cb13"><pre class="sourceCode r code-with-copy"><code class="sourceCode r"><span id="cb13-1"><a href="#cb13-1" aria-hidden="true" tabindex="-1"></a>ohio<span class="sc">$</span>age <span class="ot">&lt;-</span> <span class="fu">as.factor</span>(ohio<span class="sc">$</span>age)</span>
<span id="cb13-2"><a href="#cb13-2" aria-hidden="true" tabindex="-1"></a>ohio<span class="sc">$</span>smoke <span class="ot">&lt;-</span> <span class="fu">as.factor</span>(ohio<span class="sc">$</span>smoke)</span></code><button title="Copy to Clipboard" class="code-copy-button"><i class="bi"></i></button></pre></div>
</details>
</div>
<p>Age coding: - age = -2 is 7 years old - age = -1 is 8 years old - age = 0 is 9 years old - age = 1 is 10 years old</p>
</section>
<section id="contrast-coding" class="level2">
<h2 class="anchored" data-anchor-id="contrast-coding">Contrast Coding</h2>
<p>Check default contrasts:</p>
<div class="cell">
<details open="" class="code-fold">
<summary>Code</summary>
<div class="sourceCode cell-code" id="cb14"><pre class="sourceCode r code-with-copy"><code class="sourceCode r"><span id="cb14-1"><a href="#cb14-1" aria-hidden="true" tabindex="-1"></a><span class="fu">contrasts</span>(ohio<span class="sc">$</span>age)</span></code><button title="Copy to Clipboard" class="code-copy-button"><i class="bi"></i></button></pre></div>
</details>
<div class="cell-output cell-output-stdout">
<pre><code>   -1 0 1
-2  0 0 0
-1  1 0 0
0   0 1 0
1   0 0 1</code></pre>
</div>
<details open="" class="code-fold">
<summary>Code</summary>
<div class="sourceCode cell-code" id="cb16"><pre class="sourceCode r code-with-copy"><code class="sourceCode r"><span id="cb16-1"><a href="#cb16-1" aria-hidden="true" tabindex="-1"></a><span class="fu">contrasts</span>(ohio<span class="sc">$</span>smoke)</span></code><button title="Copy to Clipboard" class="code-copy-button"><i class="bi"></i></button></pre></div>
</details>
<div class="cell-output cell-output-stdout">
<pre><code>  1
0 0
1 1</code></pre>
</div>
</div>
<p>F and T use effect coding in the example so we need to set the contrasts:</p>
<div class="cell">
<details open="" class="code-fold">
<summary>Code</summary>
<div class="sourceCode cell-code" id="cb18"><pre class="sourceCode r code-with-copy"><code class="sourceCode r"><span id="cb18-1"><a href="#cb18-1" aria-hidden="true" tabindex="-1"></a><span class="fu">options</span>(<span class="at">contrasts =</span> <span class="fu">c</span>(<span class="st">"contr.sum"</span>, <span class="st">"contr.poly"</span>))</span>
<span id="cb18-2"><a href="#cb18-2" aria-hidden="true" tabindex="-1"></a></span>
<span id="cb18-3"><a href="#cb18-3" aria-hidden="true" tabindex="-1"></a><span class="fu">contrasts</span>(ohio<span class="sc">$</span>age)</span></code><button title="Copy to Clipboard" class="code-copy-button"><i class="bi"></i></button></pre></div>
</details>
<div class="cell-output cell-output-stdout">
<pre><code>   [,1] [,2] [,3]
-2    1    0    0
-1    0    1    0
0     0    0    1
1    -1   -1   -1</code></pre>
</div>
<details open="" class="code-fold">
<summary>Code</summary>
<div class="sourceCode cell-code" id="cb20"><pre class="sourceCode r code-with-copy"><code class="sourceCode r"><span id="cb20-1"><a href="#cb20-1" aria-hidden="true" tabindex="-1"></a><span class="fu">contrasts</span>(ohio<span class="sc">$</span>smoke)</span></code><button title="Copy to Clipboard" class="code-copy-button"><i class="bi"></i></button></pre></div>
</details>
<div class="cell-output cell-output-stdout">
<pre><code>  [,1]
0    1
1   -1</code></pre>
</div>
</div>
<p>Contrast for smoke status needs to be further adjusted:</p>
<div class="cell">
<details open="" class="code-fold">
<summary>Code</summary>
<div class="sourceCode cell-code" id="cb22"><pre class="sourceCode r code-with-copy"><code class="sourceCode r"><span id="cb22-1"><a href="#cb22-1" aria-hidden="true" tabindex="-1"></a><span class="fu">contrasts</span>(ohio<span class="sc">$</span>smoke) <span class="ot">&lt;-</span> <span class="fu">matrix</span>(<span class="fu">c</span>(<span class="sc">-</span><span class="dv">1</span>, <span class="dv">1</span>), <span class="dv">2</span>, <span class="dv">1</span>)</span>
<span id="cb22-2"><a href="#cb22-2" aria-hidden="true" tabindex="-1"></a><span class="fu">contrasts</span>(ohio<span class="sc">$</span>smoke)</span></code><button title="Copy to Clipboard" class="code-copy-button"><i class="bi"></i></button></pre></div>
</details>
<div class="cell-output cell-output-stdout">
<pre><code>  [,1]
0   -1
1    1</code></pre>
</div>
</div>
</section>
<section id="gee-models" class="level2">
<h2 class="anchored" data-anchor-id="gee-models">GEE Models</h2>
<section id="independence-structure" class="level3">
<h3 class="anchored" data-anchor-id="independence-structure">Independence Structure</h3>
<div class="cell">
<details open="" class="code-fold">
<summary>Code</summary>
<div class="sourceCode cell-code" id="cb24"><pre class="sourceCode r code-with-copy"><code class="sourceCode r"><span id="cb24-1"><a href="#cb24-1" aria-hidden="true" tabindex="-1"></a>geefit_indep <span class="ot">&lt;-</span> <span class="fu">gee</span>(</span>
<span id="cb24-2"><a href="#cb24-2" aria-hidden="true" tabindex="-1"></a>    <span class="at">formula =</span> resp <span class="sc">~</span> age <span class="sc">*</span> smoke,</span>
<span id="cb24-3"><a href="#cb24-3" aria-hidden="true" tabindex="-1"></a>    <span class="at">data =</span> ohio,</span>
<span id="cb24-4"><a href="#cb24-4" aria-hidden="true" tabindex="-1"></a>    <span class="at">family =</span> binomial,</span>
<span id="cb24-5"><a href="#cb24-5" aria-hidden="true" tabindex="-1"></a>    <span class="at">id =</span> id,</span>
<span id="cb24-6"><a href="#cb24-6" aria-hidden="true" tabindex="-1"></a>    <span class="at">corstr =</span> <span class="st">"independence"</span></span>
<span id="cb24-7"><a href="#cb24-7" aria-hidden="true" tabindex="-1"></a>)</span></code><button title="Copy to Clipboard" class="code-copy-button"><i class="bi"></i></button></pre></div>
</details>
<div class="cell-output cell-output-stderr">
<pre><code>Beginning Cgee S-function, @(#) geeformula.q 4.13 98/01/27</code></pre>
</div>
<div class="cell-output cell-output-stderr">
<pre><code>running glm to get initial regression estimate</code></pre>
</div>
<div class="cell-output cell-output-stdout">
<pre><code>(Intercept)        age1        age2        age3      smoke1 age1:smoke1 
-1.69656029  0.05951185  0.15681009  0.06641432  0.13622036 -0.11504072 
age2:smoke1 age3:smoke1 
 0.06987921  0.02539315 </code></pre>
</div>
<details open="" class="code-fold">
<summary>Code</summary>
<div class="sourceCode cell-code" id="cb28"><pre class="sourceCode r code-with-copy"><code class="sourceCode r"><span id="cb28-1"><a href="#cb28-1" aria-hidden="true" tabindex="-1"></a><span class="fu">summary</span>(geefit_indep)<span class="sc">$</span>coeff</span></code><button title="Copy to Clipboard" class="code-copy-button"><i class="bi"></i></button></pre></div>
</details>
<div class="cell-output cell-output-stdout">
<pre><code>               Estimate Naive S.E.     Naive z Robust S.E.    Robust z
(Intercept) -1.69656029 0.06240212 -27.1875406  0.08973054 -18.9072782
age1         0.05951185 0.10683109   0.5570649  0.08795644   0.6766059
age2         0.15681009 0.10388816   1.5094125  0.08087957   1.9388096
age3         0.06641432 0.10598027   0.6266669  0.08203507   0.8095845
smoke1       0.13622036 0.06240212   2.1829443  0.08973054   1.5181047
age1:smoke1 -0.11504072 0.10683109  -1.0768469  0.08795644  -1.3079283
age2:smoke1  0.06987921 0.10388816   0.6726388  0.08087957   0.8639909
age3:smoke1  0.02539315 0.10598027   0.2396026  0.08203507   0.3095401</code></pre>
</div>
</div>
</section>
<section id="exchangeable-structure" class="level3">
<h3 class="anchored" data-anchor-id="exchangeable-structure">Exchangeable Structure</h3>
<div class="cell">
<details open="" class="code-fold">
<summary>Code</summary>
<div class="sourceCode cell-code" id="cb30"><pre class="sourceCode r code-with-copy"><code class="sourceCode r"><span id="cb30-1"><a href="#cb30-1" aria-hidden="true" tabindex="-1"></a>geefit_exch <span class="ot">&lt;-</span> <span class="fu">gee</span>(</span>
<span id="cb30-2"><a href="#cb30-2" aria-hidden="true" tabindex="-1"></a>    <span class="at">formula =</span> resp <span class="sc">~</span> age <span class="sc">*</span> smoke,</span>
<span id="cb30-3"><a href="#cb30-3" aria-hidden="true" tabindex="-1"></a>    <span class="at">data =</span> ohio,</span>
<span id="cb30-4"><a href="#cb30-4" aria-hidden="true" tabindex="-1"></a>    <span class="at">family =</span> binomial,</span>
<span id="cb30-5"><a href="#cb30-5" aria-hidden="true" tabindex="-1"></a>    <span class="at">id =</span> id,</span>
<span id="cb30-6"><a href="#cb30-6" aria-hidden="true" tabindex="-1"></a>    <span class="at">corstr =</span> <span class="st">"exchangeable"</span></span>
<span id="cb30-7"><a href="#cb30-7" aria-hidden="true" tabindex="-1"></a>)</span></code><button title="Copy to Clipboard" class="code-copy-button"><i class="bi"></i></button></pre></div>
</details>
<div class="cell-output cell-output-stderr">
<pre><code>Beginning Cgee S-function, @(#) geeformula.q 4.13 98/01/27</code></pre>
</div>
<div class="cell-output cell-output-stderr">
<pre><code>running glm to get initial regression estimate</code></pre>
</div>
<div class="cell-output cell-output-stdout">
<pre><code>(Intercept)        age1        age2        age3      smoke1 age1:smoke1 
-1.69656029  0.05951185  0.15681009  0.06641432  0.13622036 -0.11504072 
age2:smoke1 age3:smoke1 
 0.06987921  0.02539315 </code></pre>
</div>
<details open="" class="code-fold">
<summary>Code</summary>
<div class="sourceCode cell-code" id="cb34"><pre class="sourceCode r code-with-copy"><code class="sourceCode r"><span id="cb34-1"><a href="#cb34-1" aria-hidden="true" tabindex="-1"></a><span class="fu">summary</span>(geefit_exch)<span class="sc">$</span>coeff</span></code><button title="Copy to Clipboard" class="code-copy-button"><i class="bi"></i></button></pre></div>
</details>
<div class="cell-output cell-output-stdout">
<pre><code>               Estimate Naive S.E.     Naive z Robust S.E.    Robust z
(Intercept) -1.69656029 0.08954017 -18.9474762  0.08973054 -18.9072782
age1         0.05951185 0.08585934   0.6931319  0.08795644   0.6766059
age2         0.15681009 0.08355926   1.8766332  0.08087957   1.9388096
age3         0.06641432 0.08514725   0.7799937  0.08203507   0.8095845
smoke1       0.13622036 0.08954017   1.5213323  0.08973054   1.5181047
age1:smoke1 -0.11504072 0.08585934  -1.3398742  0.08795644  -1.3079283
age2:smoke1  0.06987921 0.08355926   0.8362832  0.08087957   0.8639909
age3:smoke1  0.02539315 0.08514725   0.2982262  0.08203507   0.3095401</code></pre>
</div>
</div>
</section>
<section id="unstructured-correlation" class="level3">
<h3 class="anchored" data-anchor-id="unstructured-correlation">Unstructured Correlation</h3>
<div class="cell">
<details open="" class="code-fold">
<summary>Code</summary>
<div class="sourceCode cell-code" id="cb36"><pre class="sourceCode r code-with-copy"><code class="sourceCode r"><span id="cb36-1"><a href="#cb36-1" aria-hidden="true" tabindex="-1"></a>geefit_unstruct <span class="ot">&lt;-</span> <span class="fu">gee</span>(</span>
<span id="cb36-2"><a href="#cb36-2" aria-hidden="true" tabindex="-1"></a>    <span class="at">formula =</span> resp <span class="sc">~</span> age <span class="sc">*</span> smoke,</span>
<span id="cb36-3"><a href="#cb36-3" aria-hidden="true" tabindex="-1"></a>    <span class="at">data =</span> ohio,</span>
<span id="cb36-4"><a href="#cb36-4" aria-hidden="true" tabindex="-1"></a>    <span class="at">family =</span> binomial,</span>
<span id="cb36-5"><a href="#cb36-5" aria-hidden="true" tabindex="-1"></a>    <span class="at">id =</span> id,</span>
<span id="cb36-6"><a href="#cb36-6" aria-hidden="true" tabindex="-1"></a>    <span class="at">corstr =</span> <span class="st">"unstructured"</span></span>
<span id="cb36-7"><a href="#cb36-7" aria-hidden="true" tabindex="-1"></a>)</span></code><button title="Copy to Clipboard" class="code-copy-button"><i class="bi"></i></button></pre></div>
</details>
<div class="cell-output cell-output-stderr">
<pre><code>Beginning Cgee S-function, @(#) geeformula.q 4.13 98/01/27</code></pre>
</div>
<div class="cell-output cell-output-stderr">
<pre><code>running glm to get initial regression estimate</code></pre>
</div>
<div class="cell-output cell-output-stdout">
<pre><code>(Intercept)        age1        age2        age3      smoke1 age1:smoke1 
-1.69656029  0.05951185  0.15681009  0.06641432  0.13622036 -0.11504072 
age2:smoke1 age3:smoke1 
 0.06987921  0.02539315 </code></pre>
</div>
<details open="" class="code-fold">
<summary>Code</summary>
<div class="sourceCode cell-code" id="cb40"><pre class="sourceCode r code-with-copy"><code class="sourceCode r"><span id="cb40-1"><a href="#cb40-1" aria-hidden="true" tabindex="-1"></a><span class="fu">summary</span>(geefit_unstruct)<span class="sc">$</span>coeff</span></code><button title="Copy to Clipboard" class="code-copy-button"><i class="bi"></i></button></pre></div>
</details>
<div class="cell-output cell-output-stdout">
<pre><code>               Estimate Naive S.E.     Naive z Robust S.E.    Robust z
(Intercept) -1.69656029 0.08949879 -18.9562374  0.08973054 -18.9072782
age1         0.05951185 0.08931698   0.6662994  0.08795644   0.6766059
age2         0.15681009 0.08132411   1.9282117  0.08087957   1.9388096
age3         0.06641432 0.08238806   0.8061158  0.08203507   0.8095845
smoke1       0.13622036 0.08949879   1.5220358  0.08973054   1.5181047
age1:smoke1 -0.11504072 0.08931698  -1.2880050  0.08795644  -1.3079283
age2:smoke1  0.06987921 0.08132411   0.8592681  0.08087957   0.8639909
age3:smoke1  0.02539315 0.08238806   0.3082139  0.08203507   0.3095401</code></pre>
</div>
</div>
<p>Same numbers as Table 6.8 in F &amp; T:</p>
<div class="cell">
<details open="" class="code-fold">
<summary>Code</summary>
<div class="sourceCode cell-code" id="cb42"><pre class="sourceCode r code-with-copy"><code class="sourceCode r"><span id="cb42-1"><a href="#cb42-1" aria-hidden="true" tabindex="-1"></a><span class="fu">summary</span>(geefit_indep)<span class="sc">$</span>coeff</span></code><button title="Copy to Clipboard" class="code-copy-button"><i class="bi"></i></button></pre></div>
</details>
<div class="cell-output cell-output-stdout">
<pre><code>               Estimate Naive S.E.     Naive z Robust S.E.    Robust z
(Intercept) -1.69656029 0.06240212 -27.1875406  0.08973054 -18.9072782
age1         0.05951185 0.10683109   0.5570649  0.08795644   0.6766059
age2         0.15681009 0.10388816   1.5094125  0.08087957   1.9388096
age3         0.06641432 0.10598027   0.6266669  0.08203507   0.8095845
smoke1       0.13622036 0.06240212   2.1829443  0.08973054   1.5181047
age1:smoke1 -0.11504072 0.10683109  -1.0768469  0.08795644  -1.3079283
age2:smoke1  0.06987921 0.10388816   0.6726388  0.08087957   0.8639909
age3:smoke1  0.02539315 0.10598027   0.2396026  0.08203507   0.3095401</code></pre>
</div>
<details open="" class="code-fold">
<summary>Code</summary>
<div class="sourceCode cell-code" id="cb44"><pre class="sourceCode r code-with-copy"><code class="sourceCode r"><span id="cb44-1"><a href="#cb44-1" aria-hidden="true" tabindex="-1"></a><span class="fu">summary</span>(geefit_exch)<span class="sc">$</span>coeff</span></code><button title="Copy to Clipboard" class="code-copy-button"><i class="bi"></i></button></pre></div>
</details>
<div class="cell-output cell-output-stdout">
<pre><code>               Estimate Naive S.E.     Naive z Robust S.E.    Robust z
(Intercept) -1.69656029 0.08954017 -18.9474762  0.08973054 -18.9072782
age1         0.05951185 0.08585934   0.6931319  0.08795644   0.6766059
age2         0.15681009 0.08355926   1.8766332  0.08087957   1.9388096
age3         0.06641432 0.08514725   0.7799937  0.08203507   0.8095845
smoke1       0.13622036 0.08954017   1.5213323  0.08973054   1.5181047
age1:smoke1 -0.11504072 0.08585934  -1.3398742  0.08795644  -1.3079283
age2:smoke1  0.06987921 0.08355926   0.8362832  0.08087957   0.8639909
age3:smoke1  0.02539315 0.08514725   0.2982262  0.08203507   0.3095401</code></pre>
</div>
<details open="" class="code-fold">
<summary>Code</summary>
<div class="sourceCode cell-code" id="cb46"><pre class="sourceCode r code-with-copy"><code class="sourceCode r"><span id="cb46-1"><a href="#cb46-1" aria-hidden="true" tabindex="-1"></a><span class="fu">summary</span>(geefit_unstruct)<span class="sc">$</span>coeff</span></code><button title="Copy to Clipboard" class="code-copy-button"><i class="bi"></i></button></pre></div>
</details>
<div class="cell-output cell-output-stdout">
<pre><code>               Estimate Naive S.E.     Naive z Robust S.E.    Robust z
(Intercept) -1.69656029 0.08949879 -18.9562374  0.08973054 -18.9072782
age1         0.05951185 0.08931698   0.6662994  0.08795644   0.6766059
age2         0.15681009 0.08132411   1.9282117  0.08087957   1.9388096
age3         0.06641432 0.08238806   0.8061158  0.08203507   0.8095845
smoke1       0.13622036 0.08949879   1.5220358  0.08973054   1.5181047
age1:smoke1 -0.11504072 0.08931698  -1.2880050  0.08795644  -1.3079283
age2:smoke1  0.06987921 0.08132411   0.8592681  0.08087957   0.8639909
age3:smoke1  0.02539315 0.08238806   0.3082139  0.08203507   0.3095401</code></pre>
</div>
</div>
</section>
</section>
<section id="robust-variance-matrices" class="level2">
<h2 class="anchored" data-anchor-id="robust-variance-matrices">Robust Variance Matrices</h2>
<div class="cell">
<details open="" class="code-fold">
<summary>Code</summary>
<div class="sourceCode cell-code" id="cb48"><pre class="sourceCode r code-with-copy"><code class="sourceCode r"><span id="cb48-1"><a href="#cb48-1" aria-hidden="true" tabindex="-1"></a>geefit_indep<span class="sc">$</span>robust.variance</span></code><button title="Copy to Clipboard" class="code-copy-button"><i class="bi"></i></button></pre></div>
</details>
<div class="cell-output cell-output-stdout">
<pre><code>              (Intercept)          age1          age2          age3
(Intercept)  8.051570e-03 -0.0004030998 -4.235055e-04 -8.019757e-05
age1        -4.030998e-04  0.0077363357 -2.043357e-03 -2.830722e-03
age2        -4.235055e-04 -0.0020433565  6.541505e-03 -1.200476e-03
age3        -8.019757e-05 -0.0028307224 -1.200476e-03  6.729753e-03
smoke1       1.855531e-03  0.0004183373 -2.821298e-04 -1.273353e-04
age1:smoke1  4.183373e-04  0.0016602483 -5.745432e-04 -6.331897e-04
age2:smoke1 -2.821298e-04 -0.0005745432  1.161555e-03  7.588107e-06
age3:smoke1 -1.273353e-04 -0.0006331897  7.588107e-06  1.353400e-03
                   smoke1   age1:smoke1   age2:smoke1   age3:smoke1
(Intercept)  1.855531e-03  0.0004183373 -2.821298e-04 -1.273353e-04
age1         4.183373e-04  0.0016602483 -5.745432e-04 -6.331897e-04
age2        -2.821298e-04 -0.0005745432  1.161555e-03  7.588107e-06
age3        -1.273353e-04 -0.0006331897  7.588107e-06  1.353400e-03
smoke1       8.051570e-03 -0.0004030998 -4.235055e-04 -8.019757e-05
age1:smoke1 -4.030998e-04  0.0077363357 -2.043357e-03 -2.830722e-03
age2:smoke1 -4.235055e-04 -0.0020433565  6.541505e-03 -1.200476e-03
age3:smoke1 -8.019757e-05 -0.0028307224 -1.200476e-03  6.729753e-03</code></pre>
</div>
<details open="" class="code-fold">
<summary>Code</summary>
<div class="sourceCode cell-code" id="cb50"><pre class="sourceCode r code-with-copy"><code class="sourceCode r"><span id="cb50-1"><a href="#cb50-1" aria-hidden="true" tabindex="-1"></a>geefit_exch<span class="sc">$</span>robust.variance</span></code><button title="Copy to Clipboard" class="code-copy-button"><i class="bi"></i></button></pre></div>
</details>
<div class="cell-output cell-output-stdout">
<pre><code>              (Intercept)          age1          age2          age3
(Intercept)  8.051570e-03 -0.0004030998 -4.235055e-04 -8.019757e-05
age1        -4.030998e-04  0.0077363357 -2.043357e-03 -2.830722e-03
age2        -4.235055e-04 -0.0020433565  6.541505e-03 -1.200476e-03
age3        -8.019757e-05 -0.0028307224 -1.200476e-03  6.729753e-03
smoke1       1.855531e-03  0.0004183373 -2.821298e-04 -1.273353e-04
age1:smoke1  4.183373e-04  0.0016602483 -5.745432e-04 -6.331897e-04
age2:smoke1 -2.821298e-04 -0.0005745432  1.161555e-03  7.588107e-06
age3:smoke1 -1.273353e-04 -0.0006331897  7.588107e-06  1.353400e-03
                   smoke1   age1:smoke1   age2:smoke1   age3:smoke1
(Intercept)  1.855531e-03  0.0004183373 -2.821298e-04 -1.273353e-04
age1         4.183373e-04  0.0016602483 -5.745432e-04 -6.331897e-04
age2        -2.821298e-04 -0.0005745432  1.161555e-03  7.588107e-06
age3        -1.273353e-04 -0.0006331897  7.588107e-06  1.353400e-03
smoke1       8.051570e-03 -0.0004030998 -4.235055e-04 -8.019757e-05
age1:smoke1 -4.030998e-04  0.0077363357 -2.043357e-03 -2.830722e-03
age2:smoke1 -4.235055e-04 -0.0020433565  6.541505e-03 -1.200476e-03
age3:smoke1 -8.019757e-05 -0.0028307224 -1.200476e-03  6.729753e-03</code></pre>
</div>
<details open="" class="code-fold">
<summary>Code</summary>
<div class="sourceCode cell-code" id="cb52"><pre class="sourceCode r code-with-copy"><code class="sourceCode r"><span id="cb52-1"><a href="#cb52-1" aria-hidden="true" tabindex="-1"></a>geefit_unstruct<span class="sc">$</span>robust.variance</span></code><button title="Copy to Clipboard" class="code-copy-button"><i class="bi"></i></button></pre></div>
</details>
<div class="cell-output cell-output-stdout">
<pre><code>              (Intercept)          age1          age2          age3
(Intercept)  8.051570e-03 -0.0004030998 -4.235055e-04 -8.019757e-05
age1        -4.030998e-04  0.0077363357 -2.043357e-03 -2.830722e-03
